FOTA 233 230 233 231 233 233 232 230 233 232 228 231 228 229
PNSN 76 75 76 75 75 75 76 75 76 76 75 74 74 73
BLEP 42 40 39 39 38 38 37 35 33 31 29 29 28 28
GEEK 63 65 68 67 65 66 67 70 73 71 69 67 68 69
FLNT 28 29 25 22 25 23 26 24 21 18 14 12 8 9
YUKA 72 74 76 78 75 75 79 78 78 79 77 79 82 82
JEOP 58 56 58 60 60 62 63 62 63 63 62 61 62 63
ASDF 40 43 42 42 41 41 43 42 45 48 48 46 46 44
IMIX 35 37 37 39 40 40 40 37 37 34 32 32 35 37
FANT 31 30 31 30 30 30 30 31 30 31 31 31 32 31
CKCL 55 52 56 59 60 63 66 63 62 66 62 65 62 65
JABA 87 86 84 83 84 82 80 78 76 77 76 74 76 76
WOWY 49 51 52 48 45 49 52 51 54 51 54 54 57 59
GOLD 44 44 43 44 45 45 45 46 47 47 47 47 47 46
MARU 151 151 152 153 154 155 155 156 155 155 154 155 156 157
JOOG 22 20 19 19 20 18 20 20 18 16 15 18 15 13
OBAM 52 56 52 49 47 45 43 40 39 39 42 45 44 47
DALG 76 74 72 72 73 73 73 75 72 71 71 68 67 68
VDKL 53 52 53 53 53 54 53 53 54 55 54 53 54 52
ZEOD 182 183 186 188 189 190 193 193 190 192 190 188 188 187
MYTH 23 22 25 22 23 22 23 23 22 26 29 26 23 25