2967 7860 8034 1244 7110 7073 1249 6927 7819 5795 0
450 372 12 247 215 448 118 307 408 156 207 0
14518 11062 1913 14595 4873 6643 4747 16120 2619 0
308 2869 696 609 631 1935 2701 56 1314 0
6021 4058 13051 12168 13891 890 10076 2976 15523 10220 6756 0
7136 725 2490 63 3763 0
151 89 163 123 74 26 112 76 207 247 107 187 5 0
11104 11552 338 8977 8531 6729 9619 0
4358 11218 8994 7758 3145 9689 5468 5659 15140 14435 193 11140 2605 9795 0
951 3004 6149 8007 5202 3026 818 4897 392 2243 4708 0
192 4972 2207 1390 3714 3950 5143 3900 4056 2366 3322 275 6675 3129 0
358 1 283 455 315 385 407 327 427 366 256 393 133 0